AET/npp2.asc
NCOLS 720 
NROWS 286 
XLLCORNER -180 
YLLCORNER -58 
CELLSIZE 0.5 
NODATA_value -9999 
[rows 150 to 179 of 286, columns 335 to 401 of 720]
625003315200 695189815296 687954804736 649331900416 675640705024 656730898432 611781312512 572232278016 563054059520 587026857984 561442930688 480018776064 451479347200 429977133056 416188145664 407062315008 382318297088 376169578496 352453705728 322757902336 353871716352 397263003648 332238528512 298366132224 336645619712 324723146752 347307753472 290248724480 352970317824 443982012416 431200600064 408629583872 408973189120 392207695872 380035465216 418477875200 414240096256 406824509440 411100028928 458701414400 438266118144 399854272512 338679726080 355397058560 299942981632 364054192128 346885234688 298777415680 345254129664 330923458560 370097430528 389746712576 334857715712 298553352192 311356379136 327521828864 274769096704 301719642112 328324431872 402432106496 409226018816 456021196800 438287228928 375822778368 380788621312 365227720704 372493074432
575109439488 636745023488 742833618944 646936248320 650782883840 662903095296 642556723200 587701239808 579177201664 574484701184 587445256192 514402500608 535574470656 457699328000 451883507712 431557722112 403837542400 416378568704 391747207168 368396959744 404210827264 427365203968 332588007424 349073014784 362351730688 381701595136 433313628160 417607532544 462421868544 480891576320 454387040256 439459282944 435471958016 431603056640 416690003968 451805052928 383623905280 389147885568 444895633408 448091955200 446996365312 443583373312 411862614016 328290402304 300897927168 376490491904 411274919936 427400151040 386346139648 367144067072 402557517824 417169915904 372190625792 335167242240 385632124928 448907419648 366647312384 305944371200 416727851008 465141407744 512204136448 424800722944 415645663232 374796877824 368322068480 403468894208 466994388992
556473114624 716550356992 822879830016 731157168128 721013555200 776193572864 660860125184 632146903040 547082764288 598342803456 587373674496 615195951104 544705585152 570991370240 513668562944 498048999424 461331521536 474964303872 448503570432 416026337280 415891382272 423557136384 368576929792 398136885248 427958616064 419911598080 511829630976 432554450944 469195153408 482782576640 494646976512 473482199040 436289314816 435880198144 439182794752 440248385536 420216291328 409336193024 440325636096 449016266752 423618404352 435754500096 455254433792 392372920320 398546370560 436987887616 439716347904 431890759680 379021082624 428129288192 486053511168 500733648896 422778658816 405968445440 489658572800 474903846912 466108932096 405045288960 382062141440 440471740416 459352653824 443268308992 454200877056 469152276480 481096728576 515429556224 519875084288
601300107264 710718603264 819564003328 879010791424 763158872064 842378477568 880228532224 716958302208 711101939712 646642614272 640913620992 594763341824 529183481856 582965428224 570065305600 483154821120 505919512576 515412058112 502164635648 482150768640 439825383424 452945141760 432786890752 321441611776 439229988864 499101302784 504354234368 430084530176 481541963776 447027929088 454963773440 470211813376 466839306240 416913145856 437052514304 510845116416 507299463168 462187094016 449315381248 454151471104 462555430912 452533411840 452504625152 463795429376 423774887936 423963115520 444885204992 523468963840 569187229696 521228181504 494699577344 546032664576 510901239808 519798718464 513821081600 523495612416 505199427584 525930856448 531321217024 534122438656 526112792576 524553379840 491950104576 516864688128 497109106688 532101718016 602872381440
554792493056 621546102784 748521652224 785419091968 786731368448 875901730816 778283483136 801351237632 751016198144 735448465408 704677380096 659766263808 565198323712 644131848192 582679035904 477664247808 618195673088 608422461440 618169991168 602242326528 589633069056 532254105600 494053629952 489687916544 270668712960 533061492736 572291448832 459041406976 479070281728 420560535552 451951468544 429591699456 476672729088 514984681472 589164232704 536754012160 489692676096 414098628608 436170235904 463318081536 462019346432 454824771584 432150323200 425377398784 417842012160 478367129600 538136887296 588961611776 603430731776 570455785472 567521820672 552397078528 583639375872 557425434624 557844561920 551149412352 538090299392 539603386368 559163047936 583566155776 556516753408 543595642880 542702878720 536341553152 539673387008 552508678144 604727328768
179535013205.333 406867681280 657747296256 689945264128 813479002112 883022594048 830453284864 774186565632 792401117184 868691607552 832135479296 758826860544 683614683136 498224577536 624327589888 575100862464 666827702272 674015117312 687942844416 676353736704 698133807104 644110237696 530302296064 536347705344 503799267328 364225280000 573281525760 458067378176 442716291072 434975817728 489765142528 447374024704 536967225344 588635996160 583694729216 564123779072 517025480704 389562220544 439921360896 514003886080 443236073472 486033588224 422640369664 416895926272 490143014912 534227517440 637484630016 587097456640 544072048640 535299211264 491166408704 507487993856 506796179456 499909943296 587949899776 579914121216 586707959808 585238495232 596011728896 599691280384 613821382656 592532815872 623005188096 642375663616 636484173824 593701928960 614243041280
-9999 71326654464 429237870592 600923095040 673281179648 751599124480 837407686656 842280828928 845547061248 854694428672 804228612096 773225676800 742982385664 736299384832 635914518528 573551992832 715972624384 681294790656 675606233088 686535491584 681890529280 664076304384 680305082368 594181414912 305876258816 550036332544 571139563520 480829505536 500335853568 510509678592 464970407936 432295665664 463016820736 517574598656 529349410816 573761454080 612736892928 510770733056 427035066368 468815216640 481873854464 440274116608 463514984448 466192744448 552618221568 539641118720 559152185344 436609523712 486595149824 566793814016 564496162816 616982740992 658726256640 557001007104 555733803008 522209591296 602411548672 601294077952 662863314944 643101523968 633694633984 667531771904 680776253440 697247793152 689631920128 669021995008 666318258176
-9999 -9999 -9999 214523865770.667 554137427968 712664907776 806929645568 898197028864 907935186944 898531868672 799556730880 763565391872 797745987584 751056355328 702184210432 635584397312 678871384064 703960432640 668632301568 688438837248 723266158592 710605815808 692301152256 655712124928 633762725888 385007312896 454419824640 265828913152 232316547072 70096404480 70096404480 67977084928 67977084928 65059018752 384196263936 545013137408 555423408128 506493239296 474426605568 462372618240 419354615808 411466145792 601197051904 627678609408 532854538240 449898864640 516781793280 685200654336 695441178624 638572314624 647350730752 612437770240 618872422400 598718758912 600835817472 597799092224 632035540992 646878035968 706748923904 700689268736 730221477888 768285753344 726855860224 738115354624 728494505984 695962566656 680968208384
-9999 -9999 -9999 -9999 75576631296 438821826560 614062481408 822842703872 861916676096 927178850304 825426706432 716233768960 718652833792 731517353984 677575802880 624635084800 607857098752 607533400064 578564005888 623688499200 720930127872 665316933632 621908983808 599565680640 402454616064 59322433536 74142785536 -9999 -9999 -9999 -9999 -9999 -9999 -9999 70258184192 338035482624 442655801344 493934854144 521346359296 454372343808 482902392832 605829488640 643388981248 733291954176 455260020736 476244983808 560098508800 844697452544 790023913472 781344980992 862410686464 850560679936 743641432064 672709148672 635769323520 729785008128 714926899200 687281913856 685264175104 667141734400 700228976640 738745745408 726512189440 741148770304 726216589312 728191942656 629393506304
-9999 -9999 -9999 -9999 -9999 75641610240 406170851328 565027274752 648400224256 793075499008 693087649792 677106253824 618812522496 458902667264 435172496725.333 410098077696 577124204544 360618519210.667 326136938496 505611829248 535645536256 566413541376 293455719424 333155561472 -9999 -9999 -9999 -9999 -9999 -9999 -9999 -9999 -9999 -9999 -9999 212805525504 372808105984 443708932096 527103991808 456288264192 459861442560 557650731008 539545272320 585212690432 450786451456 491207958528 625463894016 873673392128 867476111360 911220883456 982681485312 954267467776 827890728960 633840730112 687160016896 736560660480 724693024768 670325669888 678293176320 590165409792 628365410304 688025550848 709673861120 707591569408 644837687296 751960866816 653784350720
-9999 -9999 -9999 -9999 -9999 -9999 76994256896 374967066624 370427226112 523204517888 390679143424 401183780864 68559167488 -9999 -9999 -9999 -9999 -9999 -9999 76994256896 323887140864 68559167488 -9999 -9999 -9999 -9999 -9999 -9999 -9999 -9999 -9999 -9999 -9999 -9999 -9999 63203921920 259333369856 338863661056 306702098432 327032782848 356901322752 247586693120 352233299968 443715833856 539057143808 772065968128 820325040128 808026947584 880376102912 904455127040 930117894144 914159665152 774505824256 655492513792 615074086912 709905252352 724074283008 718607990784 660084129792 599693803520 638985650176 665412337664 664634392576 627378757632 658826870784 653914505216 670632230912
-9999 -9999 -9999 -9999 -9999 -9999 -9999 -9999 -9999 77048627200 77048627200 -9999 -9999 -9999 -9999 -9999 -9999 -9999 -9999 -9999 -9999 -9999 -9999 -9999 -9999 -9999 -9999 -9999 -9999 -9999 -9999 -9999 -9999 -9999 -9999 -9999 66425671680 291558965248 66425671680 66425671680 -9999 -9999 261180628992 451092860928 648877834240 589538754560 837020172288 764881666048 794888880128 939203428352 961339260928 965624037376 932567662592 953588383744 805435490304 728011145216 847828451328 908760317952 900142153728 736795770880 737302347776 876031868928 772013293568 659326779392 764109897728 734195318784 658777210880
-9999 -9999 -9999 -9999 -9999 -9999 -9999 -9999 -9999 -9999 -9999 -9999 -9999 -9999 -9999 -9999 -9999 -9999 -9999 -9999 -9999 -9999 -9999 -9999 -9999 -9999 -9999 -9999 -9999 -9999 -9999 -9999 -9999 -9999 -9999 -9999 -9999 -9999 -9999 -9999 -9999 74300801024 104204942336 66554173440 516245200896 711636434944 810469965824 739144908800 904788852736 941243301888 953813188608 976855728128 981447147520 979794198528 996026187776 987278573568 995981688832 987596718080 1001985343488 978151391232 993260470272 1001583247360 814468792320 570077986816 780574932992 647504019456 797382590464
-9999 -9999 -9999 -9999 -9999 -9999 -9999 -9999 -9999 -9999 -9999 -9999 -9999 -9999 -9999 -9999 -9999 -9999 -9999 -9999 -9999 -9999 -9999 -9999 -9999 -9999 -9999 -9999 -9999 -9999 -9999 -9999 -9999 -9999 -9999 -9999 -9999 -9999 -9999 -9999 -9999 190269128704 202121756672 -9999 266949592405.333 657316134912 688757981184 850585518080 929129185280 942838956032 950024011776 960212713472 979100942336 984192663552 1006008942592 1024013647872 1029634768896 977918590976 1001439723520 1017731743744 1024055869440 1023913082880 910552956928 827679309824 949657026560 859613102080 956464758784
-9999 -9999 -9999 -9999 -9999 -9999 -9999 -9999 -9999 -9999 -9999 -9999 -9999 -9999 -9999 -9999 -9999 -9999 -9999 -9999 -9999 -9999 -9999 -9999 -9999 -9999 -9999 -9999 -9999 -9999 -9999 -9999 -9999 -9999 -9999 -9999 -9999 -9999 -9999 -9999 -9999 -9999 -9999 -9999 501905615530.667 504139235328 719978217472 888971476992 894027677696 905738649600 917398339584 944257073152 952249253888 961852358656 995645816832 1015448371200 1022515560448 1008862248960 1021069082624 1027200581632 1024520716288 1016239849472 1013906292736 1016026103808 1020057960448 1016753029120 1022519115776
-9999 -9999 -9999 -9999 -9999 -9999 -9999 -9999 -9999 -9999 -9999 -9999 -9999 -9999 -9999 -9999 -9999 -9999 -9999 -9999 -9999 -9999 -9999 -9999 -9999 -9999 -9999 -9999 -9999 -9999 -9999 -9999 -9999 -9999 -9999 -9999 -9999 -9999 -9999 -9999 -9999 -9999 -9999 -9999 399082523648 649809485824 872640249856 881520263168 906895753216 905779642368 897086898176 889005408256 922185105408 943139618816 966120783872 998005899264 1003055579136 1004151717888 1014968320000 1016408489984 1014232432640 998552109056 1015421534208 1012438777856 1010444271616 1008239640576 1032958083072
-9999 -9999 -9999 -9999 -9999 -9999 -9999 -9999 -9999 -9999 -9999 -9999 -9999 -9999 -9999 -9999 -9999 -9999 -9999 -9999 -9999 -9999 -9999 -9999 -9999 -9999 -9999 -9999 -9999 -9999 -9999 -9999 -9999 -9999 -9999 -9999 -9999 -9999 -9999 74419822592 -9999 -9999 -9999 65230422016 418688484352 632530124800 833106870272 870393806848 850389598208 860331245568 886068412416 926903418880 891901083648 904715288576 973229490176 965342019584 1007126396928 1004305039360 989051158528 979446202368 959823970304 1009471471616 995591749632 998843138048 1006185218048 1014106685440 1026217066496
-9999 -9999 -9999 -9999 -9999 -9999 -9999 -9999 -9999 -9999 -9999 -9999 -9999 -9999 -9999 -9999 -9999 -9999 -9999 -9999 -9999 -9999 -9999 -9999 -9999 -9999 -9999 -9999 -9999 -9999 -9999 -9999 -9999 -9999 -9999 -9999 -9999 -9999 -9999 -9999 -9999 -9999 -9999 326455984128 474047246336 497518297088 776508325888 786952208384 764204285952 829618028544 874141941760 896442957824 850980044800 867531128832 939818958848 972791185408 989362814976 989800710144 984223940608 951069999104 959678726144 997312888832 987790393344 975656697856 1007713255424 1012444135424 1013512978432
-9999 -9999 -9999 -9999 -9999 -9999 -9999 -9999 -9999 -9999 -9999 -9999 -9999 -9999 -9999 -9999 -9999 -9999 -9999 -9999 -9999 -9999 -9999 -9999 -9999 -9999 -9999 -9999 -9999 -9999 -9999 -9999 -9999 -9999 -9999 -9999 -9999 -9999 -9999 -9999 -9999 -9999 -9999 66246781952 510153269248 407970136064 741965733888 818065145856 825001902080 841726476288 855175987200 873722642432 893256990720 896802996224 943665741824 944968450048 1008701341696 984764268544 903737917440 804634804224 913725505536 956320333824 987449606144 976526049280 993522827264 993486815232 1004341100544
-9999 -9999 -9999 -9999 -9999 -9999 -9999 -9999 -9999 -9999 -9999 -9999 -9999 -9999 -9999 -9999 -9999 -9999 -9999 -9999 -9999 -9999 -9999 -9999 -9999 -9999 -9999 -9999 -9999 -9999 -9999 -9999 -9999 -9999 -9999 -9999 -9999 74448871424 74448871424 -9999 -9999 -9999 -9999 225799059456 543234744320 614091366400 686176288768 803521167360 804259364864 810874601472 798341070848 834079997952 886377971712 921208619008 908408717312 884519845888 964847550464 949636087808 888128421888 855802593280 920427298816 928908967936 959859146752 972108808192 974591361024 980172161024 986377846784
-9999 -9999 -9999 -9999 -9999 -9999 -9999 -9999 -9999 -9999 -9999 -9999 -9999 -9999 -9999 -9999 -9999 -9999 -9999 -9999 -9999 -9999 -9999 -9999 -9999 -9999 -9999 -9999 -9999 -9999 -9999 -9999 -9999 -9999 -9999 -9999 -9999 -9999 -9999 -9999 -9999 -9999 -9999 302902542336 535062421504 709142462464 701391421440 744800534528 789820227584 819317555200 808710062080 820529037312 890382745600 842284171264 905363668992 873980723200 767169789952 900081008640 846183415808 777111617536 908019105792 937991602176 941075529728 911659335680 936614445056 975140143104 965334089728
-9999 -9999 -9999 -9999 -9999 -9999 -9999 -9999 -9999 -9999 -9999 -9999 -9999 -9999 -9999 -9999 -9999 -9999 -9999 -9999 -9999 -9999 -9999 -9999 -9999 -9999 -9999 -9999 -9999 -9999 -9999 -9999 -9999 -9999 -9999 -9999 -9999 -9999 -9999 -9999 -9999 -9999 131409373184 389711200256 300017624064 709183307776 529866539008 585914843136 767802310656 810369318912 841920364544 840336113664 887173808128 577900429312 648804958208 696839962624 710447677440 820717502464 849170235392 822528688128 903197425664 941460914176 924098822144 943960686592 927598690304 932899209216 940717637632
-9999 -9999 -9999 -9999 -9999 -9999 -9999 -9999 -9999 -9999 -9999 -9999 -9999 -9999 -9999 -9999 -9999 -9999 -9999 -9999 -9999 -9999 -9999 -9999 -9999 -9999 -9999 -9999 -9999 -9999 -9999 -9999 -9999 -9999 -9999 83066109952 67249348608 -9999 -9999 -9999 -9999 -9999 66828081152 477432791040 513677590528 591120613376 619879170048 478947827712 729334497280 839124172800 853641674752 770422358016 787782844416 347873181696 436369563648 666066026496 795360772096 691923238912 636788180992 844266061824 829415243776 915210043392 895699664896 902804799488 904109277184 928441303040 930701279232
-9999 -9999 -9999 -9999 -9999 -9999 -9999 -9999 -9999 -9999 -9999 -9999 -9999 -9999 -9999 -9999 -9999 -9999 -9999 -9999 -9999 -9999 -9999 -9999 -9999 -9999 -9999 -9999 -9999 -9999 -9999 -9999 -9999 -9999 -9999 -9999 -9999 -9999 -9999 -9999 -9999 -9999 -9999 318166396928 505171648512 541680844800 655223554048 502908223488 540365103104 680975482880 810948722688 755023069184 735091376128 360767512576 406457556992 509108830208 667585470464 763306639360 800852082688 891539062784 846029586432 465525239808 843389714432 854955556864 904222785536 942035582976 945203511296
-9999 -9999 -9999 -9999 -9999 -9999 -9999 -9999 -9999 -9999 -9999 -9999 -9999 -9999 -9999 -9999 -9999 -9999 -9999 -9999 -9999 -9999 -9999 -9999 -9999 -9999 -9999 -9999 -9999 -9999 -9999 -9999 -9999 -9999 -9999 -9999 -9999 -9999 -9999 -9999 -9999 -9999 -9999 56485879808 414739881984 453529468928 592449462272 579152838656 676682678272 671629852672 671331467264 748100599808 746753966080 373343436800 420629315584 469443117056 534612197376 707537698816 817232740352 731587543040 761796165632 907026628608 854761848832 856555749376 888551374848 926319722496 937730031616
-9999 -9999 -9999 -9999 -9999 -9999 -9999 -9999 -9999 -9999 -9999 -9999 -9999 -9999 -9999 -9999 -9999 -9999 -9999 -9999 -9999 -9999 -9999 -9999 -9999 -9999 -9999 -9999 -9999 -9999 -9999 -9999 -9999 -9999 -9999 -9999 -9999 -9999 -9999 -9999 -9999 -9999 -9999 -9999 64546933418.6667 457126313984 477482483712 560690708480 580837056512 667300085760 576407789568 653222608896 626060345344 390886662144 416948486144 513657421824 549436817408 760596922368 837699403776 733482237952 753998938112 853022638080 875093983232 872789786624 910520664064 904689385472 919870701568
-9999 -9999 -9999 -9999 -9999 -9999 -9999 -9999 -9999 -9999 -9999 -9999 -9999 -9999 -9999 -9999 -9999 -9999 -9999 -9999 -9999 -9999 -9999 -9999 -9999 -9999 -9999 -9999 -9999 -9999 -9999 -9999 -9999 -9999 -9999 -9999 -9999 -9999 -9999 -9999 -9999 -9999 -9999 -9999 -9999 301785741312 419797499904 460994183168 514865389568 477784719360 611876618240 688137994240 740908433408 531628367872 455072612352 485534703616 496372875264 814548729856 860752379904 651664375808 699831353344 640442343424 857986580480 901464719360 909533315072 909053231104 915729481728
-9999 -9999 -9999 -9999 -9999 -9999 -9999 -9999 -9999 -9999 -9999 -9999 -9999 -9999 -9999 -9999 -9999 -9999 -9999 -9999 -9999 -9999 -9999 -9999 -9999 -9999 -9999 -9999 -9999 -9999 -9999 -9999 -9999 -9999 -9999 -9999 -9999 -9999 -9999 -9999 -9999 -9999 -9999 -9999 -9999 -9999 244450125824 408064237568 424328118272 497862967296 464011190272 614966534144 610149031936 507399208960 464606822400 442029760512 526198071296 711473086464 826924351488 687832694784 624735199232 548229087232 804523933696 903837728768 908143214592 907681677312 917271298048
-9999 -9999 -9999 -9999 -9999 -9999 -9999 -9999 -9999 -9999 -9999 -9999 -9999 -9999 -9999 -9999 -9999 -9999 -9999 -9999 -9999 -9999 -9999 -9999 -9999 -9999 -9999 -9999 -9999 -9999 -9999 -9999 -9999 -9999 -9999 -9999 -9999 -9999 -9999 -9999 -9999 -9999 -9999 -9999 -9999 -9999 -9999 201445817002.667 494145347584 488746319872 427503656960 442807001088 489589407744 486392823808 541399113728 524725886976 558344699904 531944816640 649736757248 773844467712 794162937856 781502742528 797923196928 846718025728 894247124992 909169278976 917810593792
-9999 -9999 -9999 -9999 -9999 -9999 -9999 -9999 -9999 -9999 -9999 -9999 -9999 -9999 -9999 -9999 -9999 -9999 -9999 -9999 -9999 -9999 -9999 -9999 -9999 -9999 -9999 -9999 -9999 -9999 -9999 -9999 -9999 -9999 -9999 -9999 -9999 -9999 -9999 -9999 -9999 -9999 -9999 -9999 -9999 -9999 -9999 -9999 294637125632 475385405440 597481947136 501804982272 445722394624 441741246464 499558227968 686828322816 619930214400 525435920384 658325127168 731084292096 813462290432 720333307904 782411776000 752071245824 813967474688 900071161856 896863043584
