AET/npp2.asc
NCOLS 720 
NROWS 286 
XLLCORNER -180 
YLLCORNER -58 
CELLSIZE 0.5 
NODATA_value -9999 
[rows 90 to 119 of 286, columns 335 to 401 of 720]
-9999 -9999 -9999 -9999 -9999 -9999 47452635136 360630927360 385284407296 300397084672 244774154240 234805932032 239520886784 269294723072 216317054976 199771262976 166917840896 125661681664 112424628224 144925810688 171399098368 168911798272 167293902848 170549284864 108139693397.333 -9999 -9999 -9999 -9999 84298102101.3333 236017668096 81020906496 39869683712 34826215424 -9999 -9999 -9999 -9999 -9999 -9999 -9999 48212455424 354058420224 396583018496 48520521728 -9999 -9999 -9999 -9999 -9999 -9999 -9999 -9999 -9999 -9999 -9999 253447573504 295593192448 44105408512 -9999 -9999 47727349760 -9999 39356973056 135773322240 332949200896 360156012544
-9999 -9999 -9999 -9999 -9999 50518695936 286912307200 329476329472 294997348352 331986886656 319617634304 272062132224 279854231552 306611810304 254393921536 206172344320 239038914560 192318930944 133974947840 131727742976 163020943360 131595528192 138995806208 184951730176 138028736512 -9999 40403181568 40403181568 -9999 -9999 80425515008 44818644992 -9999 -9999 -9999 -9999 -9999 -9999 -9999 -9999 -9999 209334457344 287664799744 202181343232 -9999 -9999 -9999 -9999 -9999 -9999 -9999 -9999 -9999 -9999 -9999 -9999 44297781248 443948621824 425286410240 48292495360 -9999 -9999 -9999 -9999 43989944320 123190508544 341974220800
-9999 -9999 -9999 -9999 -9999 50603210752 250979738624 275785605120 325180383232 321608663040 322923036672 221010497536 201994383360 200074317824 206761455616 232652963840 255435079680 197678690304 146394533888 174874025984 162166980608 129374377984 107395088384 162139486208 158111369216 39940313088 -9999 42499954688 -9999 -9999 -9999 -9999 -9999 -9999 -9999 -9999 -9999 -9999 -9999 -9999 -9999 -9999 39415447552 -9999 -9999 -9999 -9999 -9999 -9999 -9999 -9999 -9999 -9999 43703037952 43703037952 -9999 172939070122.667 332590186496 44976861184 -9999 -9999 -9999 -9999 -9999 -9999 43646136320 164208846848
-9999 -9999 -9999 -9999 -9999 -9999 48296438442.6667 236366943232 324678664192 309805465600 290010255360 283682115584 227049299968 222292299776 196269809664 216923607040 221168009216 227206721536 186705289216 242890670080 168472567808 120144814080 104339572736 82989942784 -9999 -9999 -9999 -9999 -9999 -9999 -9999 -9999 -9999 -9999 -9999 -9999 -9999 -9999 -9999 -9999 -9999 -9999 -9999 -9999 -9999 -9999 -9999 -9999 -9999 47624765440 47624765440 133973333333.333 44029243392 44029243392 317369438208 136529054720 304606687232 195985895424 -9999 -9999 -9999 -9999 -9999 -9999 -9999 46611963904 43837049514.6667
-9999 -9999 -9999 -9999 -9999 -9999 51952668672 204115297280 281645277184 209517096960 233239760896 337393364992 315570282496 260283543552 294317662208 269912150016 134884261888 155317235712 152603584512 158235152384 124960391168 121864382464 112425164800 36731422720 -9999 -9999 -9999 -9999 -9999 -9999 -9999 -9999 -9999 -9999 -9999 -9999 -9999 -9999 -9999 -9999 -9999 -9999 -9999 -9999 -9999 -9999 -9999 -9999 -9999 47856264533.3333 240910340096 331134763008 355312599040 398480105472 355143987200 44272189440 -9999 -9999 -9999 -9999 -9999 -9999 -9999 -9999 -9999 -9999 47576510464
-9999 -9999 -9999 -9999 -9999 -9999 50279401472 315512391680 273166909440 177621025792 117652120576 231169597440 235629772800 216275582976 216865386496 153953075200 166985711616 196002185216 180754814976 138709014528 110593964032 50206523392 -9999 -9999 -9999 -9999 -9999 -9999 -9999 -9999 -9999 -9999 -9999 -9999 -9999 -9999 -9999 36203925504 36226908160 36202287104 -9999 -9999 36455608320 189033717760 157425607680 44641150976 47655534592 -9999 -9999 -9999 -9999 133609232384 151142035456 233958334464 304365420544 48229926912 -9999 -9999 -9999 -9999 -9999 -9999 -9999 -9999 -9999 -9999 -9999
-9999 -9999 -9999 -9999 -9999 -9999 -9999 -9999 54914056192 -9999 -9999 52406939648 230623408128 340940505088 346189217792 197743225856 261848784896 198127034368 209441710080 84533559296 52492982272 -9999 -9999 -9999 -9999 -9999 37174669312 47682887680 47682887680 121288425472 158904899584 155988459520 323063046144 312582463488 213449211904 251104829440 211994247168 465122672640 381156720640 256565813248 252625899520 347592482816 404065525760 281215602688 215667531776 140656277504 186605949952 -9999 37853528064 -9999 -9999 -9999 -9999 47807152128 216840422741.333 47882455040 -9999 -9999 -9999 -9999 -9999 -9999 -9999 -9999 -9999 -9999 -9999
-9999 -9999 -9999 -9999 -9999 -9999 -9999 -9999 -9999 -9999 -9999 -9999 152062869504 373029428224 52407065258.6667 -9999 -9999 -9999 -9999 -9999 -9999 -9999 -9999 -9999 37501181952 72527131648 147511590912 188402106368 210983809024 241189441536 232837959680 189572894720 208980684800 148965834752 139865626624 155402848256 153009948672 185906765824 235619098624 225643597824 269056077824 212976971776 181842198528 184533590016 143150747648 120825443328 38091165696 -9999 -9999 -9999 -9999 -9999 -9999 43232311296 -9999 -9999 -9999 -9999 -9999 -9999 -9999 -9999 -9999 -9999 -9999 -9999 -9999
-9999 -9999 -9999 -9999 -9999 -9999 -9999 -9999 -9999 -9999 -9999 -9999 53149188096 290312663040 51897606144 -9999 -9999 -9999 -9999 -9999 -9999 -9999 104769216512 108505520128 121287328768 124041646080 117248063488 137052895232 137870505984 117879623680 80008244224 77102867456 52467722240 53464312832 77431107584 107231004672 113534269440 125668286464 101554284544 107029448704 83663551488 93983049728 110830172160 109258422272 91716732928 69868735488 43908833280 -9999 -9999 44591845376 -9999 -9999 -9999 44541435904 -9999 -9999 -9999 -9999 -9999 -9999 -9999 -9999 -9999 -9999 -9999 -9999 -9999
-9999 -9999 -9999 -9999 -9999 -9999 -9999 -9999 -9999 -9999 -9999 -9999 184996119552 376515469312 364326428672 166999316480 103243214848 84256860160 80190873600 140516712448 128385007616 126997614592 153970548736 149434707968 129999589376 127282010112 112063004672 162147059712 115304247296 55662272512 52390209536 62905808896 58858776576 41379377152 30983024640 42763528192 63181419520 114209472512 133940248576 96826126336 87036168192 86431278080 85831092224 66573176832 58955482112 52808118272 49749581824 -9999 -9999 -9999 -9999 -9999 -9999 -9999 -9999 -9999 -9999 -9999 -9999 -9999 -9999 -9999 -9999 -9999 -9999 -9999 -9999
-9999 -9999 -9999 -9999 -9999 -9999 -9999 -9999 -9999 -9999 -9999 53644627968 239074980864 285293993984 284156313600 264053510144 188800040960 106842107904 77852732416 102924328960 152942555136 164292022272 180101953536 145610831872 131322957824 132582535168 91820397568 76538354688 58460896256 51066937344 54172280832 84764639232 60280225792 48750597120 37218508288 37028294656 30918881280 28322553088 24965910016 25854073344 35782139904 43168180224 38977060864 46335589376 42002215936 42381744128 47378646016 45218529280 -9999 -9999 -9999 -9999 -9999 -9999 -9999 -9999 -9999 -9999 -9999 -9999 -9999 -9999 -9999 -9999 -9999 -9999 -9999
-9999 -9999 -9999 -9999 -9999 -9999 -9999 -9999 -9999 -9999 52191727616 159838339072 249282424832 238522798080 218552823808 213705347072 212600262656 73836656640 41450394624 89067710464 83090975744 73448385536 56767713280 51055497216 46602102784 42744133632 39826720768 51576612864 60603912192 62664921088 57570149376 43108016128 39861969408 30835283968 27019879936 25505774592 19142657536 10444141568 12362081280 14609066240 19364578816 24415724544 33513604096 34260064768 26297424384 33636919296 -9999 -9999 -9999 -9999 -9999 -9999 -9999 -9999 -9999 -9999 -9999 -9999 -9999 -9999 -9999 -9999 -9999 -9999 -9999 -9999 -9999
-9999 -9999 -9999 -9999 -9999 -9999 -9999 -9999 52106350592 108315877376 217918401536 268863680512 224094138368 277592621056 267381051392 194326958080 175135612928 67826367488 70694182912 56045757440 44464227328 47415472128 44786672640 43496040448 42979421184 47262113792 52003952640 61999415296 49959824384 38284018688 34857972736 35945398784 33056553984 31546856960 26392171008 21926253056 19384921088 12206544384 8841152128 8892940544 13422570752 13408927616 15412656640 18001860864 27948416000 41422348288 37191286272 27173435392 -9999 -9999 -9999 -9999 -9999 -9999 -9999 -9999 -9999 -9999 -9999 -9999 -9999 -9999 -9999 -9999 -9999 -9999 -9999
-9999 -9999 -9999 -9999 -9999 -9999 -9999 86805082112 205235924992 205885337600 218857558016 195088556032 233873997824 244938989568 258472517632 108308952064 69781536768 42935792128 37958178816 38126775296 46589735936 48394018816 45951920128 46157422592 45243208704 47824129024 44001166336 37990238208 35716955136 32116941312 34147612672 34855962624 32386358784 30213646336 27624458240 20547134976 14308317440 12851496192 9738486016 7876323456 8208947456 8195627648 10839126272 17252691456 23349044224 33004379136 28949771264 27462414336 33452205056 -9999 -9999 -9999 -9999 -9999 -9999 -9999 -9999 -9999 -9999 -9999 -9999 -9999 -9999 -9999 -9999 -9999 -9999
-9999 -9999 -9999 -9999 -9999 -9999 85274563925.3333 219018764288 201711894528 171541047296 193763475456 176635199488 197787869184 236913606656 180664064000 60078884864 51474633728 42461520896 39386073600 47206514688 52378560512 53985170432 50460103680 55649385472 46513645568 39995051008 35444891648 34332226560 33356544000 33118076416 34025779200 35223634944 32192486400 28789574656 26039847424 20477300224 14831820032 11410062592 11298749696 10890759936 11360871936 13144777216 15266760448 18294393856 24095574528 26248379392 23684689920 24501004800 25359760384 42675456000 62493436928 70703302656 61108464640 56143251456 36490350592 -9999 -9999 -9999 -9999 -9999 -9999 -9999 -9999 -9999 -9999 47512371200 151310118912
-9999 -9999 -9999 -9999 -9999 50219122688 132295810048 160333709312 123320942592 95766556672 137642948608 289709465600 264633720832 116821008384 71413149696 54321108992 47427214336 38786648576 35415549952 40730929152 44325027840 49810143232 44070654976 39301084160 36520312320 38043468800 38641277952 36388216832 33674233344 29462898176 28611210752 35099927552 27523670528 27756509184 27138956800 23492481024 17007040768 15376462336 13635403776 13550037504 14176021504 18476684032 22465331200 19685533696 26407537152 26309986304 23511579648 23926353408 24646016000 32383536640 52096224256 49536483328 42297063936 41117696000 55429379072 43461953536 -9999 -9999 -9999 -9999 -9999 -9999 -9999 -9999 45137571840 94612753408 128517892096
-9999 -9999 -9999 -9999 -9999 81638091776 133413056512 76589416448 102345854976 126467745792 191416762368 150572269568 96630258688 55798629376 50850002944 52346646528 50987139072 44668895232 41516203008 39201460224 37274606592 37520420864 37773938688 37333383168 38264853504 39054709760 37882658816 30768715264 26706140160 26863620096 28082498560 31485319680 29601508864 27813520384 26905869824 22887447552 17937468416 16592020480 17262606080 16568567040 16736033536 18413256192 22363944960 20098828800 24002032640 27371793920 29835102720 32075964928 34116258816 37938884608 36660813824 32417344000 29991281664 29911698432 26800174080 18556847616 -9999 -9999 -9999 -9999 -9999 -9999 -9999 -9999 36012242944 48040557056 30940708864
-9999 -9999 -9999 -9999 44102928384 121110797312 111619192832 87645488128 118181462016 145600854016 96008163328 64307724288 58693143552 51051350016 40467809280 26794404352 35523260928 35589948416 38804521984 31541562368 30667293696 31852918784 33037598208 34275468288 33049859584 30911746048 32937658368 30061646336 26060289536 25705661440 27308397568 26810295296 24724050944 25289111040 23043736576 16021136640 14730445312 15551912960 15709324800 16776304384 17676684800 18395532288 19592280064 20888067072 20344156672 24072639488 26646547968 29436523520 29525514752 30249572352 29728288256 29035386880 29336818688 28372117504 26630108672 26336256000 22769213952 32444911616 34814917632 39959787520 43768598528 -9999 -9999 -9999 45525092352 28604351488 22514612224
-9999 -9999 -9999 -9999 44321515520 130117730304 132792334336 94932205568 104668622848 88224224256 47373947904 42144141312 47433986048 33063619584 24266825728 25704660992 33182134272 33809158656 35181869056 33821066752 30705149952 29768323072 28594264064 25435133440 25692153344 24442929152 25994731008 25531061760 23871851008 23173979136 23557989376 23147014656 22641147392 22111197696 18546187520 13905844480 12451352064 13946600704 15064170752 16037383680 17166333440 18432207872 20651968000 20960979456 17532798976 22354423808 28046575616 30321255936 31336248320 30777912320 31743651328 27600897536 23757201920 26475662336 26110943744 24028729344 24586152960 24686973440 25613464576 26749705728 26405092864 21519190016 -9999 45796593664 35970999296 23869825536 24352607232
-9999 -9999 -9999 -9999 -9999 80927735808 113967267840 88277151744 58462766080 50965964800 39002890240 35051943936 36779928576 41778754048 29986025472 38264772608 35782493696 33221826048 33800349696 35643531776 31332095488 27382585856 26586393088 25390880768 25143948800 24720530432 23319418880 20949857792 21346119680 23037861376 23456356864 23088571392 24447576576 22004454912 19541491200 17541566208 16192943104 15614082560 16006096384 17269596928 19576176128 24221909504 25768439808 20543512576 17400689408 20208919552 28385671168 31939835904 34214689792 34702155264 34342791168 31767998464 29839187456 28752662016 28084303872 26237308416 27952882176 27524046336 24849687040 21830546944 19871495680 20621483520 17772137728 26691866368 19559875584 20737546240 16366166528
-9999 -9999 -9999 -9999 44765238613.3333 73825412096 83492583424 57555994624 39104498176 31090120192 27824029696 25346108928 26343140864 29299145728 29121904128 29724548096 26189165056 27812143616 32835781632 30697067008 28757619200 28004615680 26359293952 23858979328 22516021760 20801303552 21188628992 21940663808 24585908736 29369540096 29862840320 28827576320 26013785088 25971740160 25805192704 23754594304 19989610496 17812430080 17533129472 19484469760 23966732288 23328503808 20704458752 19895136768 19218808320 20265326080 28703055360 32188799488 35795576832 35267248128 35044785152 34363546112 33655242240 29714748416 29911436288 29893488640 26767380992 30188969472 27674506752 19704778240 22794593792 20183399424 18245745408 17657944576 13217702656 17887231488 15293265408
-9999 -9999 -9999 44972590421.3333 71448845312 71585019904 47549350400 32057808384 28598830080 24414885888 23315623936 27120430592 30097106944 30890599424 28876797440 28301792768 26983203840 27664335872 32330491904 31384403968 31408009728 26513315840 24853777920 21213683712 20267754496 20845561856 21729018880 26260191744 30148116992 28183991296 26047008256 30772456960 29347299840 29311296000 31618546176 24884931584 20967109632 18975443968 19070594560 19082070528 17187313920 19386294272 18830827008 26581300224 26394438656 26760615936 25801108480 27206224896 33513515008 30602762240 33722056704 32899227136 29390097408 28396630528 26993174528 27021582848 26484444160 26659806208 26561130496 20078758400 21279187968 18145934336 13847121664 14117644288 16742342144 18517323520 18273367040
-9999 -9999 37629143040 30468092416 43438505984 30233345536 26276727808 25167889408 29260457472 29430424576 30578158080 30280924160 29708272640 26798808576 23987257856 23523893760 25919232000 28959019520 29976077824 23396796928 23158214144 24481873920 20544112640 18321813504 19894937088 22432758784 30004128256 30363774976 26012368896 19370093568 22736261120 22121718272 25945900544 26785069056 26456257024 24296619008 22104927232 19780925952 17895692544 17334680064 20574704128 24217786880 20825111040 26542553088 29223303168 28140637184 26592883200 26687739904 24008466944 21784111104 21895343104 24445485056 28301407744 23629370368 21503426048 23387729408 25755677184 28451714560 28894338048 21897720320 21288515328 21289855232 10677675520 16470244352 19079856896 18732045056 18545695744
34431789056 33467638784 23693235712 25231060480 26843380736 23796110848 26164045824 29766909952 31030870016 29703880704 29288800256 31738533888 26771042816 23755889664 20984316928 22927870464 26169336832 19930654208 20944055296 19581160448 18102651392 18370456064 18471100160 16062119168 18208387840 27826914304 30050352128 26395511808 19260224512 19539121152 20925366272 21122543104 20756169728 25887997952 22913298432 18231370752 17389315840 17313897216 19001241600 20003612672 20765830144 18808942080 19488572416 21669820416 21166356992 19872990208 21291198464 24675603968 24069472768 22324262400 23669377024 23105823744 20514707456 18183020032 16786008064 20146740224 22452457984 27041475072 24510551040 19031551744 19458904576 20024481280 15122708992 14491290624 13203495680 22616142336 23180854784
18039667200 22417280000 18853572352 24207830528 28302437376 28718222336 27951174656 29217411584 31290599424 25009321472 23461421568 27040453120 24622836736 25871229952 27818932736 25393402368 22399349760 20477314304 19577555712 18331401728 18250054144 18602278912 15550281728 13757128704 20284022016 27682783232 27553091584 27364867072 22219727360 26196309504 22080965120 22178937856 21901410304 18340234496 16956358400 19897446400 19781616128 15848677120 17608484096 21844953600 19337945600 18789682688 23902844416 29324043264 26454638592 28549270528 30500524544 27235402752 27226829824 28163273728 22665267712 19445017600 18158464512 20176881152 19435843328 19846112768 22507097088 22874330624 15024891136 11838324480 15698844672 19624885248 15603546368 15115727360 13218789376 14375113728 20523911168
22771088896 23587838976 14318268672 17110064640 27228480512 30049319424 27810549760 27532159488 23572648960 22102301184 21239793664 18892066304 19346885632 21431606272 21927997440 20004922880 17376626176 16376426752 21207365120 23028339712 19520430592 18416433664 15148807424 13279288576 20956327936 24790934528 23914918400 24400625152 20693927424 19966087168 16196127744 14513061632 13588329728 13960423168 16265927424 17847397888 17157352448 15416462848 18757166080 22878993408 19044446720 17603077376 18623003136 21925731840 23316396544 28097614848 25428754944 26099478016 29507869696 32713805312 27607413760 21193642496 18382659072 20318307840 19295508480 17014679552 20245753856 23850671616 16132999424 10646013440 8332318592 14711648512 18243844352 14396235520 14088909312 13606107392 15475971840
19949585152 15540096256 12493164800 14938487808 19835494912 27973736960 20438071808 18721735680 20071397888 18942900736 19490317568 17953720064 17204213504 18023184128 15650366976 15036739328 16454589184 17244751104 18324285440 23703145984 21202675712 17663465728 15929705728 13712768768 18828258816 19135195136 18239775232 17399212032 16335870208 17686970368 15406661376 15056039680 15505296384 16112659456 17784242432 15351525376 13770645248 17427882752 28815721472 26737903104 34172088832 25514022400 21318920192 21789785600 20589420544 20664439808 29324169216 33539677696 29572750336 28100777472 27770971648 26936939008 21873436672 22863741440 20240136192 19117903360 18896931840 22088436224 19368429312 16808709888 10874239104 16442662400 21042759168 16888245760 15425701632 15277356032 16604308224
21464096256 18585012480 12725145344 15568335360 17190916864 20355677696 18639967744 14170847232 12602996224 13761064704 13510587904 13734351104 19175700736 12033841920 13116295936 15572935424 16405403136 18357864448 20317505536 23604131840 22383343616 18754893824 16628487424 15605191168 14598033664 17129312256 18231907328 17399759360 15383245056 16516227072 16874734080 16780741632 18471717376 19212966656 14411134976 10258313984 13056478208 13744081664 21745006080 15507003136 14918705408 15150239488 14214143744 13025036800 19318142208 21301324800 29735549440 28097537536 20068700672 18990868480 23792287232 23196690432 19418794496 19968477184 21585233920 19662144000 17071455744 17297688320 16390525696 15810529280 16132506368 13124467200 12566241536 15249623808 14849198080 13013590784 14875579904
22733587456 16312598016 16100573184 15530906368 16364767744 16417609472 17993267712 15277958656 9960490624 11674715648 15981074688 20737886208 15242363904 13402033920 14108979200 15357878272 18019762176 18456067584 20412199936 23023006208 21600500736 19076982784 16396532480 13122444288 13515747328 15302898688 17007457024 17075144192 17850345728 19597352448 20820541952 21768815104 15100512512 15768172544 15002687232 9067543040 11184004608 13077418752 14135052800 14871517696 16925948416 16118001920 14345358592 13635413248 15520906752 23187849216 23424368128 22427621376 15733282816 23825324032 30671647232 24440128512 17389272064 17172236032 17245598208 19059802112 19079303680 20217072640 20215248896 15787753216 14617040640 15014501632 14933880064 15878848512 13426325760 11756757504 11827533312
20046885888 14821339392 14252786432 14914317568 10788343552 12875557888 16330336768 16000967680 13292237568 12239032320 15853009664 14610385408 15263918336 20217720320 16362259200 17000990464 14491345408 14744389632 17899849472 19701812736 19065267200 17497829888 14279091712 13410178304 15496755968 16252100352 17669775616 17875750912 18471437568 20776381952 19360312832 20359810560 16383697664 14114309888 10792112896 11093174528 12251984640 11293491968 13396681472 13782795264 14528724480 15529798144 16034820864 14863264768 14109571328 17031165184 25289987072 22507978752 20763857920 32605126656 34044175872 29929836032 20157649408 17633900032 18354173952 18322939392 22947933184 21030158848 16959383296 17117890560 15806537728 14658459136 16030797824 14995654656 12871851264 13058071040 12693502208
