AET/npp2.asc
NCOLS 720 
NROWS 286 
XLLCORNER -180 
YLLCORNER -58 
CELLSIZE 0.5 
NODATA_value -9999 
[rows 90 to 119 of 286, columns 134 to 200 of 720]
73683537920 120430196736 217661923328 244885721088 129548468224 109844799488 58530150400 98715021312 163818938368 160987697152 237448634368 230935379968 223951458304 205518168064 207767056384 211651006464 153270755328 143163691008 147988230144 151124873216 170848583680 166541574144 177222471680 202827341824 208130002944 206086553600 222847418368 224524587008 244162990080 257692778496 281642422272 279258517504 292327104512 318224744448 348740747264 353884160000 399888318464 425800925184 422380544000 417436123136 432581001216 408873304064 397656973312 391310491648 372690640896 344013578240 331469914112 315565318144 313836396544 299938930688 313133121536 351431049216 330545971200 337992155136 310212853760 331582537728 338837561344 343513874432 333559054336 306273673216 343277436928 388866932736 361749422080 401600323584 405101510656 404585537536 390460145664
79016093696 146163712000 173100701696 166479101952 59986799616 84354140160 144578564096 120757991424 156565481472 149457979392 252136816640 247669030912 199381749760 157482305536 182663493632 284996648960 181215444992 127017957376 133808392192 138168381440 154048487424 175084343296 181107523584 194285256704 198798868480 192369590272 199729475584 219082190848 250308116480 270412828672 302422745088 297231097856 284552593408 309199495168 351202959360 368208183296 384515997696 426953826304 385423859712 372725547008 380106121216 426120568832 387139903488 413905338368 428318441472 383078875136 350807326720 339270049792 357701582848 346437730304 358747348992 349672669184 410744717312 404306362368 341062139904 369392910336 379291967488 353881153536 329388941312 364595355648 400409534464 403472752640 385526865920 418334154752 414340628480 419505586176 416779673600
98580336640 189130723328 189283971072 73140752384 44176659456 40341476352 56229054464 109405627392 195383103488 164046198784 225854636032 242138259456 179563419648 179006251008 148430192640 171673939968 170656739328 105459568640 107823110144 109769584640 126573651968 159373037568 163031269376 174025527296 184092356608 190604353536 197717999616 210914254848 238951690240 276203675648 324167548928 303978586112 291061334016 333914488832 364269092864 383795544064 378765983744 433623990272 446177083392 427735212032 407144611840 411864481792 405192663040 406109175808 401671602176 347148107776 395545542656 393252847616 377353502720 339608895488 356796678144 342091390976 417295466496 424725610496 405230821376 384570654720 384221609984 412423970816 389252571136 429875920896 418513240064 388899684352 408780709888 430014046208 431232081920 428321669120 429886554112
166875394048 161032761344 123890876416 87050058752 55694711296 58568407040 64834550784 156341977088 132418826240 246248730624 213392728064 168904093696 166841249792 210908303360 191235088384 179109281792 101811865600 102957459456 112340551680 108427900928 153760935936 147794255872 151213594624 171954597888 191712944128 186413416448 201832910848 245729304576 260535308288 269849915392 310531121152 300310388736 299570176000 349406519296 360350728192 380458418176 404317544448 465442013184 424533458944 401178722304 418786017280 415103942656 414118125568 411671322624 425839271936 423356260352 408873271296 366273658880 387847168000 380766281728 365490782208 377619570688 407926972416 420192641024 422674497536 395275337728 470025551872 502979698688 437345550336 436566122496 414480973824 431499206656 431025577984 443581349888 440268505088 446462386176 445144055808
181564944384 126070175744 140492115968 73047350272 66615638016 75563465728 151427026944 133882804224 206475702272 301747548160 196592635904 156989175808 183230984192 190589399040 128627757056 216741597184 121266294784 75063844864 84777430016 82572359680 99854995456 141753829376 175490965504 229849370624 262305505280 220007518208 221219917824 259487506432 273638936576 293775130624 297262522368 272900194304 302715723776 349409017856 378520813568 384078503936 408193671168 440931467264 446575558656 438940213248 430753636352 421805957120 457107062784 458315333632 474115792896 470102024192 457830785024 410114056192 398415560704 395682258944 384245178368 394447577088 431038291968 430054957056 466768519168 471199506432 514120269824 442019684352 460249653248 445192257536 435562643456 450528124928 448244121600 445648896000 451877470208 461643792384 475197906944
149835802624 119875602432 53630982144 74320675840 60406635520 64523572224 69639430144 64834826240 152850001920 253749358592 247960662016 240842010624 232229834752 235781308416 143862777856 214607757312 259665948672 124134598656 97252772864 102859180032 116109627392 133861302272 157935202304 190041305088 198575403008 166493822976 189123112960 216544378880 267699728384 299518943232 285140303872 318614585344 332236759040 355175424000 402018148352 395650007040 393622495232 459820457984 488832974848 439554285568 440033722368 463310307328 453387124736 475831386112 479424962560 483773153280 462255579136 457903431680 442941972480 449864941568 411804819456 403407699968 415134023680 450164465664 470837559296 447112396800 469037162496 454803628032 452814110720 436595679232 457526583296 457098625024 457385254912 463308480512 471357251584 482890915840 451959947264
78751779840 153341116416 61508512768 56048949248 86236045312 79345439744 54236892160 90286075904 53738115072 102899601408 93412177920 160245903360 223870820352 223934992384 160960886784 299387219968 255174017024 212193800192 132656635904 123507830784 129850890240 150684776448 157201133568 173088432128 164717387776 141821323264 191116591104 207436787712 256687652864 308002889728 280931434496 333108035584 344971845632 371513065472 396778971136 421146804224 443848032256 493883260928 442243973120 436905852928 446608244736 471529562112 460712640512 497987993600 514418909184 407780564992 351723806720 415886073856 422508634112 432274685952 442154573824 416591011840 469302222848 436357931008 449030807552 477335191552 479863767040 470595993600 478314749952 477986406400 475946639360 481272086528 488050237440 487597867008 483486277632 489756352512 432431620096
70356530176 163544539136 79020081152 53766962176 61578675200 100071340032 71715823616 168698963968 86764938240 41985289728 57832822784 109853034496 208160366592 191082692608 215634442240 344321003520 146214647808 116741789696 118627012608 139946825728 187079792640 169787279360 175477846016 194334470144 149450491904 149529657344 174521782272 249332432896 270787760128 304578068480 304971735040 328623497216 370244894720 405567954944 415083175936 429251985408 518989946880 515874832384 498251694080 498944081920 443294916608 452961583104 429851852800 489988734976 440286224384 370487435264 348790407168 483124215808 425113116672 442662182912 503776165888 463297290240 455771324416 445484777472 474662330368 501537120256 492320776192 488240996352 502498500608 505960931328 526877900800 488341086208 518361374720 524064178176 421838938112 426071474176 390567116800
86501267456 105607269376 112801300480 41902216192 48796267520 62406074368 78965766144 158638372864 96389352448 62362629120 52156570624 69089233920 229202661376 172573614080 351179272192 250972385280 130273505280 106769713152 110653839360 95856201728 121860765696 143738449920 122988392448 125388318720 131032150016 151637702656 199578619904 261288648704 305144176640 314524762112 294520201216 348533161984 356447363072 420769718272 436448878592 450501074944 468803502080 505411600384 511051776000 530181718016 514685009920 499596099584 563344957440 417081327616 370465193984 379129036800 435734650880 440592433152 438688751616 475506868224 517000880128 506059726848 458630356992 465825325056 490874150912 505582477312 480465215488 462299963392 514558124032 575926484992 512080797696 529813626880 523024818176 461507092480 412137390080 423196483584 464196083712
98768384000 174755438592 218944409600 79244941312 43813306368 53910985728 58756458496 93921206272 133747165184 176963819520 126085709824 97619395584 73117743104 153552070656 143180093440 138312677376 80180512768 85237934080 117224083456 109352818688 128518017024 142630371328 150651232256 145739993088 129950154752 160245362688 202796761088 247724118016 266818310144 325267300352 329156780032 357351530496 395327234048 418911313920 429162455040 452970110976 446307205120 443033247744 510293057536 454157025280 524068356096 465259094016 477637033984 411308867584 435544367104 409086599168 456686469120 448102014976 461591232512 480471998464 516723449856 477643522048 485838798848 469169061888 528371679232 520988254208 471026737152 592423428096 561897275392 538327048192 548316086272 552350228480 438220718080 442136199168 435532611584 471929241600 479894085632
111171864576 120190075904 172101603328 166364035072 85825272832 61017270272 58005052416 64574038016 103061368832 120396449792 114837032960 62307873792 99440727040 208457594880 85567197184 96521390080 78926923776 103607502848 129854748672 133635467264 193179230208 195400908800 165433081856 135211184128 155220242432 149075683328 189617348608 241223811072 288494780416 321988231168 315620605952 341256765440 398106501120 431417524224 459412553728 522519060480 553006710784 603064369152 658323898368 634759028736 506940014592 447186272256 413065183232 442399760384 467194552320 465204035584 439017807872 487828701184 448304840704 474159620096 465103863808 434028945408 375550312448 521712164864 482853339136 514312740864 538922123264 578562555904 576536084480 601350995968 467506569216 434979848192 490077700096 507113054208 507053228032 444029853696 455376863232
124468496384 166201903104 160772558848 204881891328 230673301504 192520980480 152323690496 73504798720 99398156288 133994180608 118116751360 79033497600 83339511808 108964620288 131089698816 98979094528 85134424064 109092962304 121862520832 204010934272 199265103872 206946336768 183629578240 172623511552 139674806272 168117436416 200053104640 215414308864 238632599552 308128014336 327861133312 362287333376 405785559040 446740619264 476550135808 484519960576 505608716288 544190423040 611114344448 550511837184 533828321280 594185822208 446220836864 511144747008 438314016768 399682609152 477534224384 474584629248 462616952832 485343985664 490723377152 499881066496 466575450112 474689798144 486506700800 501023571968 497963745280 530800025600 531929317376 533668388864 457953181696 508140544000 542884708352 625031544832 547753246720 423296614400 519732764672
56567777280 82101157888 102011684864 169700028416 151632044032 162455349248 262187470848 266259660800 198933196800 151154243584 119113732096 133266359296 69913193472 87776636928 160917069824 134082113536 74920196096 86689105920 112933279744 119716851712 135530909696 149654032384 150840401920 162400223232 169992185856 182234255360 201380458496 245905788928 282921857024 310534029312 339730432000 380209823744 393263128576 431027159040 471078051840 479586811904 544332013568 592529145856 505550848000 543701352448 593168007168 632469028864 577101242368 505108185088 372633436160 393524502528 508312379392 489632497664 507254603776 509220175872 523161829376 515119833088 560573595648 529047584768 529308057600 530066104320 510562910208 457662431232 516310794240 547355942912 547760553984 578115485696 510913003520 443231412224 571523801088 480273268736 535191552000
75271789568 92010340352 105387046912 110517850112 125606248448 118321412096 155928559616 165530066944 213621272576 197297979392 191375048704 60243208192 75433226240 55175503872 309700481024 135051157504 89656057856 117573279744 95047958528 114255230976 126915364864 133921867776 133122648064 110861365248 149621800960 176230428672 178730979328 271629127680 273886851072 319402991616 327424802816 366550630400 359707107328 377594216448 445354164224 488143978496 498350047232 516428726272 515399499776 594652839936 610923216896 630197051392 587985199104 442022297600 355727056896 431748669440 529205379072 556170436608 557160038400 550112854016 535751655424 521438388224 511097044992 538199973888 548083687424 504915345408 513673887744 545556234240 568961425408 561614241792 578832285696 486373801984 562954985472 520114438144 545783275520 604195643392 620791758848
57853542400 65299277824 92646618112 77609910272 100694749184 177520877568 131477936128 78531803136 98561889280 144102678528 135762073600 77813492736 72435026944 43544847872 296688656384 108202448896 72561507328 103280033792 91323355136 125326344192 142217801728 106905481216 118700779520 126483666944 151799179264 186721947648 216647393280 276913770496 288074547200 319902629888 321311432704 321445306368 312995078144 399795109888 497189920768 513387896832 512341647360 548604264448 541674700800 592286416896 586092003328 597227192320 524689760256 456812478464 530944884736 537639714816 535752327168 535590838272 583933665280 560650567680 641917026304 671390253056 525469835264 553691865088 540276940800 545444478976 586931290112 586800660480 559800926208 620209373184 523018412032 524227141632 534568181760 628769456128 700821045248 559508868096 248071534592
59487247360 64835276800 59927011328 72201402368 146771003392 122454134784 90595026944 88190840832 66168817664 70557930496 72111174656 62976087040 106654058496 62849366016 68997639168 64737245184 93648913408 86738399232 105083807744 94446311424 95098714112 107744552960 108869040128 118780186624 145690122240 203245838336 240217628672 270905622528 276648222720 295621431296 295247597568 343859609600 347978383360 451687383040 499185328128 513037852672 527032025088 546774974464 544023953408 562818441216 714799071232 630855819264 467763765248 574656094208 651335352320 536500707328 606130831360 571683438592 586137681920 720383705088 667680948224 594611339264 589809483776 555985764352 567001530368 577489715200 534905430016 562417582080 526728495104 498667372544 514013298688 493593985024 466376704000 576373465088 216919943850.667 -9999 -9999
67059979264 78237229056 100928110592 94820313088 142642202624 93659791360 95479762944 163502829568 85442877440 59888799744 56755098624 48459569152 63273747456 74616365056 61570695168 61394723840 87914961920 57622336512 71250737152 80842223616 87486496768 85075838976 95305375744 127508254720 155512045568 149646080000 193474920448 234073939968 279286767616 286797590528 318257430528 347301511168 380097716224 480486498304 525456744448 538884038656 542414946304 568002936832 677526110208 650793156608 715342544896 721408655360 576396361728 606303240192 639816613888 586368270336 581496635392 573342941184 631070408704 766492295168 784695263232 798233837568 756829126656 595128803328 570541588480 582099435520 565868068864 545432551424 488486027264 465697980416 504997183488 458480271360 553415737344 374144560128 -9999 -9999 -9999
55036078080 85856307200 90055081984 132272214016 163026038784 151642357760 97176293376 120899162112 144058122240 76652463104 64054799360 41602677248 35763569152 79552654336 72332559360 62489861120 74198022144 62455809024 63145149440 63160266752 79168933888 76306696192 87830644736 106841954304 134913507328 151482400768 194573340672 234323931136 285907214336 262466293760 297254391808 323271704576 454542753792 517110652928 535818076160 621911572480 644767318016 695314169856 724345208832 676362321920 681578315776 617041756160 581965496320 716208996352 672386826240 615138164736 586135584768 553975414784 585468510208 607511347200 685026762752 518645751808 670167736320 594546393088 588951953408 508600303616 504688279552 517867528192 485024694272 481672814592 534180388864 560562331648 585084444672 53333444608 -9999 -9999 -9999
70483380224 94754994176 82453866496 103757359104 168476860416 165142550528 154860316672 139106371584 188724330496 103695265792 101118666752 55037039616 45425367040 60392721408 61587948544 67340109824 69792646144 131160655872 110124517376 74940077056 81893037056 87289481216 83671990272 138763874304 146466656256 154165762048 187092164608 242026233856 276889489408 285573672960 299731918848 336679534592 460923961344 502525698048 556480929792 590755758080 678910115840 704079429632 721529438208 585288441856 706435956736 593315831808 664865472512 641924710400 709424611328 616733229056 620767559680 547114188800 694410706944 399417283584 621504413696 568502566912 535348666368 506416627712 586478567424 509713612800 528355680256 581295996928 552983773184 555706785792 715029413888 658358714368 656069836800 -9999 -9999 -9999 -9999
49270815744 72129131520 80599404544 87692584960 151272480768 165552326656 171507150848 172691609600 219770220544 204948013056 111584165888 71387503616 84057761792 73753666560 58992427008 60636510208 74779641856 84481419264 96275757056 95737186304 82613803008 57970992128 69867830272 109525293056 112950560768 128094128128 157892374528 252703141888 297292750848 255991709696 317672251392 412998213632 430226612224 501624692736 539623645184 597964300288 658153390080 564976828416 611505627136 545693736960 475987525632 438012837888 577703534592 647818182656 609395703808 165325300736 314800410624 164858040320 61908370773.3333 61908370773.3333 317121271808 63756756992 60020936704 192593403904 378311740416 576073170944 637176496128 576308658176 689646108672 497504051200 525032693760 606447796224 508668534784 61671397376 -9999 -9999 -9999
47882211328 65787990016 74930045952 90886496256 140264105984 178147749888 185221423104 179160633344 269097521152 257651994624 198061154304 125862643712 126109794304 82737754112 60451030016 71337113600 80210153472 74875355136 67074491392 68075168768 56822339584 63091585024 46494209024 76061079552 116776181760 161253076992 206975119360 275352150016 285660053504 282325495808 378424811520 429474078720 444877799424 485432606720 459116650496 391559233536 374684551168 325948762112 286971392000 281215620437.333 314212089856 342958194688 423067205632 552534237184 564601634816 446147706880 251208528896 73155175424 68395393024 -9999 -9999 -9999 -9999 -9999 66279790592 385813426176 341549019136 55882260480 259763276458.667 791576051712 592537198592 611864018944 580558159872 267305316352 -9999 -9999 -9999
48224962560 57137312768 61748527104 77931823104 122388250624 171154362368 212552839168 208655384576 266136649728 281079283712 238633058304 149278941184 159622361088 109749166080 68238812160 77163716608 66832016384 67778170880 61765281792 75252189184 98392797184 137244315648 100953191424 100798720000 143839401984 181121601536 219000274944 283340259328 297020366848 289911095296 354644664320 414882570240 474317504512 387345702912 526249066496 345995506688 62992654336 -9999 -9999 -9999 -9999 -9999 -9999 329208247637.333 236517451776 170113380352 207218386261.333 66691817472 -9999 -9999 -9999 -9999 -9999 -9999 -9999 -9999 -9999 -9999 -9999 292585859754.667 730202701824 593500585984 595710115840 466105444352 -9999 -9999 -9999
46273566720 47955027285.3333 81394168832 89338103808 99636002816 155553968128 254000857088 265003421696 268299251712 250067980288 214016827392 198851145728 181984165888 146395125760 88478707712 71305870336 63025370112 75113158656 72883309568 52437341184 115233058816 215716724736 222179004416 168640849920 133849702400 159556194304 183513128960 243048525824 249591095296 251183525888 306319900672 381237370880 315646992384 218767228928 347304405674.667 58835173376 -9999 -9999 -9999 -9999 -9999 -9999 -9999 -9999 -9999 -9999 -9999 -9999 -9999 -9999 -9999 -9999 -9999 -9999 -9999 -9999 -9999 -9999 -9999 -9999 344828128256 618559987712 463239888896 575045713920 307213918208 -9999 -9999
47983679488 -9999 47015243776 100407111680 99753738240 172960555008 221454295040 290761678848 293329723392 282445709312 262061207552 192792674304 162547896320 135387990016 159278489600 127812026368 72437094400 74620528640 71553494016 76436591616 86336267264 185700651008 250437832704 140013486080 150632847360 129475692544 151207659520 192627687424 210043604992 249768894464 317752147968 300283345920 142695048533.333 59132854272 -9999 -9999 -9999 -9999 -9999 -9999 -9999 -9999 -9999 -9999 -9999 -9999 -9999 -9999 -9999 -9999 -9999 -9999 -9999 -9999 -9999 -9999 -9999 -9999 -9999 -9999 274038060032 621329170432 554802659328 529241956352 351116806144 -9999 -9999
58135550634.6667 38230863872 -9999 40637890560 77166014464 163110699008 192180637696 272752553984 308208336896 251643359232 255359594496 220622118912 179791024128 135396927488 105639530496 111699103744 78294685696 81105580032 81188929536 44063387648 83319123968 114333966336 240416870400 118004666368 98708856832 110005870592 125179865088 158476943360 204633579520 259844415488 284316946432 56998803456 -9999 -9999 -9999 -9999 -9999 -9999 -9999 -9999 -9999 -9999 -9999 -9999 -9999 -9999 -9999 -9999 -9999 -9999 -9999 -9999 -9999 -9999 -9999 -9999 -9999 -9999 -9999 -9999 207629662208 510349688832 480392617984 559532843008 578837331968 60976461824 -9999
80876921856 59365864789.3333 -9999 -9999 46092931072 150767732736 203237085184 254295011328 315281063936 324940849152 342029541376 225749889024 208475262976 142162927616 99794743296 111819524096 101316704256 93978644480 75543257088 54865312768 117252374528 105265648640 181957738496 102608195584 102745088000 115143657472 111500595200 149835517952 190519996416 251951742976 224936176640 -9999 -9999 -9999 -9999 -9999 -9999 -9999 -9999 -9999 -9999 -9999 -9999 -9999 -9999 -9999 -9999 -9999 -9999 -9999 -9999 -9999 -9999 -9999 -9999 -9999 -9999 -9999 -9999 -9999 213889345536 569581535232 598494232576 597970436096 480665385984 207704079018.667 -9999
72148125696 122025269248 46539355136 -9999 -9999 46448197632 136735252480 178957615104 289483632640 311930028032 311738712064 263911268352 229712642048 209480679424 175552649216 116737820672 76482516992 67366266880 47645201408 63485035520 69134274560 90252779520 163880437760 146811129856 136586430464 226447372288 112079847424 156130189312 196050472960 233407987712 238195507200 58231443456 -9999 -9999 -9999 -9999 -9999 -9999 -9999 -9999 -9999 -9999 -9999 -9999 -9999 -9999 -9999 -9999 -9999 -9999 -9999 -9999 -9999 -9999 -9999 -9999 -9999 -9999 -9999 -9999 -9999 204451756032 477916520448 606224523264 515789443072 264431777792 -9999
40769502208 72147089408 92734375936 44220860416 -9999 -9999 -9999 126037441536 250196426752 327290257408 373159616512 338669510656 332912386048 277296050176 194688897024 125588656128 86959243264 72595341312 59053605888 85715116032 79786579968 89629892608 130022100992 126778652672 115510125568 252488097792 272474214400 170574422016 193532149760 229231644672 241799614464 58509887488 -9999 -9999 -9999 -9999 -9999 -9999 -9999 -9999 -9999 -9999 -9999 -9999 -9999 -9999 -9999 -9999 -9999 -9999 -9999 -9999 -9999 -9999 -9999 -9999 -9999 -9999 -9999 -9999 -9999 62969647104 477075611648 598935715840 473358090240 244057294848 -9999
-9999 45159230122.6667 82389775360 55650595840 37216223232 -9999 43037417472 169538899968 253654102016 267851423744 352935198720 356313718784 331442585600 279405105152 210056560640 140352997376 138383892480 125752487936 128559757312 154555084800 57929289728 54941980672 91533449216 102825334784 138790694912 236424491008 236545069056 134178768896 197803425792 236155125760 255690747904 138214836224 -9999 -9999 -9999 -9999 -9999 -9999 -9999 -9999 -9999 -9999 -9999 -9999 -9999 -9999 -9999 -9999 -9999 -9999 -9999 -9999 -9999 -9999 -9999 -9999 -9999 -9999 -9999 -9999 -9999 -9999 56537710592 363929870336 291247112192 152132517888 -9999
-9999 66248344576 81394001920 75524105216 41374371840 -9999 -9999 40348110848 113844118869.333 200501315584 288872017920 364126478336 393372745728 317229383680 227075964928 186837639168 180114182144 149390585856 132970725376 125745952768 65243576320 106477517824 123539685376 156189222912 252799827968 380253822976 305791516672 214279499776 213506256896 251726471168 145430213632 59287916544 -9999 -9999 -9999 -9999 -9999 -9999 -9999 -9999 -9999 -9999 -9999 -9999 -9999 -9999 -9999 -9999 -9999 -9999 -9999 -9999 -9999 -9999 -9999 -9999 -9999 -9999 -9999 -9999 -9999 -9999 -9999 264235532288 218621571072 63491741696 -9999
