AET/npp2.asc
NCOLS 720 
NROWS 286 
XLLCORNER -180 
YLLCORNER -58 
CELLSIZE 0.5 
NODATA_value -9999 
[rows 120 to 149 of 286, columns 402 to 468 of 720]
16063839744 14708941568 15941164032 22124169728 27657408512 30023483904 30361617920 31318661120 33414634496 28130825216 23189271040 24649391104 21932773888 19797978624 19893615104 21689338368 20448996352 19955619328 21004872704 18480635392 22883835904 25253216256 27713291264 63596938240 27493969408 24531663872 12584152832 10509101056 27108868608 -9999 -9999 46056648704 29411722752 15497825792 19442624512 20638599168 19932452864 25329969152 25425373184 24377735168 21979970048 17291270400 17119401216 21120742912 20277301760 13160386304 16649483520 31990547968 23934497024 28667365888 20511559680 16985371392 15174167552 24223603200 26533867520 17171158016 18291465216 17058508800 14963632128 10575958528 9253983104 48480722944 48518152192 48425496576 -9999 -9999 48282851328
20228625664 16960066048 19041961984 22291333120 30892972032 26026843136 27419928064 32512316928 29239563776 28659729408 25472228864 25108475904 20701717504 18656778752 19977701888 19336148480 20968516096 20115780096 22907352576 18419309568 19071365632 18531346944 24741147136 44276136448 31327051776 27639287296 15488068608 13849223936 15465960448 10628288512 -9999 -9999 10985877504 23932349184 12876442368 20513265920 19959321856 23917945856 18027028736 21114726400 21518926336 16743143168 16901667840 17348955392 16150679552 11802521088 9097563392 9517101824 13914293504 28440807680 33235481600 22208466688 40496963072 42219558912 32598115328 17730716160 14639010560 17844591360 14802459648 11075158272 12179960320 36331895296 48670345898.6667 9464077994.66667 28975405824 33903326208 19374661632
20195729408 21442591744 22060614144 20841782784 22402778112 24385075200 28545039360 25909961728 26824588800 32692220928 31148029440 29628747776 24809258496 21127052800 19211344896 20146612224 19600951296 20637901824 19487270912 16714859520 21206137344 19810275840 23317126144 21985550336 21807992320 24501390336 23143522560 14282753408 14473995520 10470028288 46504878080 -9999 -9999 -9999 23398563498.6667 13726515712 20180042752 22262560768 24299720192 17766879232 15881920768 11678931456 16652976896 15430015744 17268385536 15857564160 9847096064 8676964096 11194332928 16198603520 20637306880 19537805056 31217562112 16423289088 28221884416 16086452480 14074636288 17193948160 16315116032 13172546816 10343764224 6888560128 10933305344 11395197184 13941219584 14589291392 15176337408
21500953600 27156348928 26041201664 23080787456 24749575680 27429622784 28943113728 24089780224 24700173824 29959484928 33576442368 27085996544 23339677184 19480882688 18627024384 18336998400 18694205952 21331977728 21563171840 16996889600 20154699264 22766173184 23919404544 21837217280 20846647808 23335461888 25311334912 23146378752 11462520576 22865709056 -9999 -9999 -9999 -9999 -9999 28091272192 16744619264 26699257856 27845025792 19238358784 18984351744 12872742144 11110826752 10019715712 12514946304 13878630656 11866483712 10560412160 10044096768 14203686144 18026870016 23485373952 16148959744 14628973824 27521512960 14560546048 11091362560 14999237120 15216445696 14283221504 12506875904 11006715776 10731190528 17189573632 23459499520 25493733376 28741986816
27585050624 28049986048 25850510336 26439977472 26013104128 28463860736 26121035264 25523256320 26872063488 27817704448 30135527424 24455822336 23038417408 21759022592 17356447488 15542100736 17411867392 23296344064 24965611008 17740876544 19171545088 22082548736 22162277376 22697388544 18547912960 19482054656 19488683520 13627559168 13559486976 31260476416 25330231296 -9999 -9999 -9999 -9999 34859992064 15758639360 24977463808 32434278400 20916036864 18810791424 10087793408 8273157632 9620225152 14307442944 10873971456 10434349312 12437260288 10164584192 14719419136 17625881088 17434198016 14026635520 17104754432 25605513728 14771594496 10972684032 15882407680 17003088896 15702747136 13449049600 13130638464 11380383360 20969201152 27738761216 37360568320 36203682304
28036754944 28061950976 27615034880 27487574528 29038102016 31158007296 24549189120 24479224832 29404571648 27979046912 26636175360 26372761088 21458124288 20101098496 18932323328 16499380224 17059181312 27389343232 21770488832 18251565056 21273801728 22974531584 23636345088 27340375040 26398867456 17197205504 12475597312 12762221568 13911497728 16316330240 16507263232 25358461610.6667 -9999 -9999 -9999 47800002560 15814830336 21589865984 34200034304 21383873280 12783914496 10343059328 7967573632 7537291008 14066172416 9844234752 6763423488 11435527168 17040300544 16825031936 17372972800 23582852608 12511308032 20303596544 22502440448 15379576832 13205954304 15120084224 16712820992 17489272832 14978540544 8848094336 12909976448 25733689856 33299103232 46211578880 50491635712
29634498560 29139406848 31492726272 28767879168 28599299072 31296523776 27168400896 21401327360 26925914624 28131069440 27525792256 24032545280 22373861376 21294414336 20742346240 17886356480 19070794240 24338251776 21364919808 19264636928 18264028928 22814544896 29294876160 26920760320 23245222400 18758650368 20847939584 17849745664 18629189376 14306699520 17226549248 17509910016 -9999 -9999 -9999 47406053376 18450854912 18595827712 26506546688 17210211840 12656460800 13673782272 13645436672 8568769024 10973303552 12783666944 10362331904 11491916800 22491347968 18287748864 19736710144 16485428480 13752535040 25852423680 16310029312 15753868288 14708585984 16407959808 17673799936 17355723776 15551604224 10691631488 14722920192 29539210752 41674622976 51158202368 51611499520
30480012288 31905574400 30751505920 27932377600 27393081344 27526433792 30449020416 28384757248 30708812800 32527846400 30931777536 23124447744 22996218880 21318835200 19567821824 19800094208 19948313088 22056450048 22699637760 16942329600 12285644032 16712384512 23007354368 24939025920 19272509184 23188733952 24620471296 23226048512 13930036224 10758453760 17537809664 19858936832 21463669248 -9999 -9999 47525584896 31229903360 22287225600 40799974912 20977046016 12652832512 21374897152 18839041536 15588169216 9585225984 12408448384 15831494144 16600672512 20028422656 20385294336 19720033792 17516576512 22382487040 24539618560 14840428544 16195277312 18720791552 18628546304 16884307200 16984750592 14649779712 12011920896 15852061440 24314955264 45249635328 52577986560 44369715200
32222393856 33402962432 30600807424 29450887680 27734118912 29248184832 32190388736 35629565952 36473229312 34458077184 32859372544 23995916288 22623810560 20530230272 20250884608 19844513792 23000263680 24137662464 19054384128 11128312576 8630249984 12348229376 18724562944 18095887104 14913339136 12612083968 20953202176 21452215808 14581440768 12981195776 18224753664 11852539648 38157230080 -9999 -9999 -9999 43345839445.3333 23827420160 25297939968 51959134208 27520830464 27600584704 21699240448 13871820032 12161093888 10859897216 16942214400 19591369216 20858960384 19306440192 18474215424 19744022016 23551621376 15291780352 18977729024 23298296320 21485160448 13941557760 12835567104 14529954048 13987695104 13435628800 17044129024 24444881920 46360049664 46589561856 36382749184
30946180096 33103960576 30600119296 27208423424 31827043328 30595997184 30585895936 31051032064 30584727040 26326010880 27652268032 24058595840 21851914752 22284845568 21411426304 21213673984 24362707456 23650729984 17213952768 11164033280 10563428096 11348452352 16387769344 20242905600 17544412672 12994605824 18961507072 14816941056 11006795264 16540861440 21728285184 16958642176 36479502336 -9999 -9999 -9999 -9999 35040004096 22035000832 19061665280 52456646656 25391161344 15882388480 19330200064 13561298944 15367879424 23280522240 42356334080 32912219648 22103257088 22545387264 27574796288 20587438592 20224375808 22740612096 18908991744 14983224832 11229563392 12097355520 13012279296 14471073024 16787203328 23466066944 34415473152 46226434048 32172660736 30493801984
28582388224 29323281920 31302014976 41298607104 33670553088 33428461568 32072446976 28464492544 25703754752 24547523584 26829716992 26026317824 22925091840 23771561984 23532268544 23727725056 24779852800 21224929280 20278779392 13740011008 12547047680 13181657856 17929189632 20354038272 20600906240 15967781376 13366331392 15821873664 17626709504 21979641856 21616432128 14834055680 14777546752 -9999 -9999 -9999 -9999 -9999 48560785408 28244922880 26563568128 54401733120 22433794048 17233005312 14668625408 16677034496 32748826624 43819418112 33848134656 37721013760 35136935424 28294787584 25621255680 22633677824 16052857600 11420925184 11896101376 12830016768 14224465664 16224321024 19094498560 25269094400 33772839936 43297557504 44524194816 38275209216 30003195392
34747590656 35430003712 41061553152 45694908416 41024436224 40934458368 31523529216 27136451584 27125752320 26021702144 27371895808 29146363904 27001679360 25444122112 24778054656 26035421184 26243475456 22049494016 18488672768 18440199424 17218761216 16138895872 17264772864 18532402688 19625401600 16155288576 15124891904 21149320704 17062264832 19121856512 20411671552 14737911808 34299931989.3333 49063419904 -9999 -9999 -9999 -9999 -9999 48711084032 16726339584 33886763008 41432453120 20798729728 20653763072 23285911808 34710253056 30532860416 40903093248 39609169920 32423591936 26553585664 23759139328 20750171648 16231631104 17617303040 15285541120 17133152512 17750892032 20755004928 30902416896 39325339136 47590414336 56504815616 54863703040 39742742528 20798136064
39484870656 44380904448 45320827904 46086270976 46536886272 39868643328 32197086720 23494156800 22062669312 25983913472 29266456576 28388888064 30167294464 29389196288 27834395136 25353248256 29077443072 22055330304 19334350848 22448278528 23106632704 22063272448 17078108416 16807082752 15733923584 15985173248 14870238720 18280794368 24848919552 26875597312 22762244608 17400656384 20719643904 30846600192 49847599104 -9999 -9999 -9999 -9999 49097035776 26262128384 17255462912 48256612352 21831641600 19284576768 23338203136 30306277376 30199155200 39636742144 36864157184 32338422784 27934224896 22972096512 20664952832 23613448704 26380780544 32244959744 34616674304 32538729472 37666981376 48568775680 48828793856 45897168896 47361676800 42707167232 27929620992 19249042944
42134362112 43041508352 44583862272 43610021888 40260000256 33899735040 30719691776 22533128192 22338329088 24755200000 30134487552 31763336192 32522558464 29679461888 29555011584 29946142720 26389033984 24390618624 25329379328 28374351872 26413190656 25449677312 18929919744 20548875264 17908617216 24639003136 16082647296 22795162624 22629326848 21853796352 17591257856 19406402816 18061450752 35372016128 28826582784 -9999 -9999 -9999 -9999 -9999 30980896768 17644454144 48494491648 39717872128 28714806784 26363632128 26993143296 35374041088 39754332160 36877189120 32327995392 27600637952 24334751744 30434060288 36560747520 35707158016 33277114880 29918239744 26121056256 25836256768 22705643520 21821109248 23721153024 24579207680 27738266624 26020957696 25270595072
33899341824 34869508096 28355008000 29906950144 32830358016 31483182592 27509522432 22868957696 26593316864 30721182720 34086225920 30808533504 29640185856 27676730368 29793926144 29386024448 25345879040 27568238080 31763620352 30689763328 30095229440 27476996608 27112983552 26620072960 22496804864 27240433152 19010888704 20866753536 20200887296 21100831744 18912748032 20140500480 14200905728 18628416768 37628494592 16925185365.3333 -9999 -9999 -9999 -9999 -9999 29129214634.6667 18996293632 42772431360 46564484096 32520838144 30173788160 30878835712 32268589056 32925970944 32439061504 29577900544 37982513152 45789758464 44269989888 35167209472 28585217024 26537770496 23818984960 28249157120 27181839360 26769990656 26333971968 24993108992 26884247040 27062045696 30214281216
28883431936 29152510464 31148029440 33199934464 32696636416 30876304896 26642677248 26591009792 30013054464 33412013056 34191031808 34694215168 32631528960 30804844544 31575214080 28690701312 27074700800 34818957312 39011227648 48635201536 34046625280 31751116800 36474842112 36180720128 29388881920 34220958208 19395018496 19786376704 27137290240 27227425280 19250279168 17697167360 15052567040 23016414464 40868161024 20380704768 -9999 -9999 -9999 -9999 -9999 49848442880 34070551552 29948264448 66441972736 37996524544 32321197568 27725314560 33477322752 30601908224 37190326784 40483929088 33717643264 32895554560 35772358144 46381276160 42859390976 31105263616 32986549248 34105398272 37467827712 34458836480 36831386112 40881319936 37802175488 48770547712 63174461952
36227957760 36910423040 36175417344 42826113024 41047605248 35698633216 31604094976 30732315648 34932922880 39683249152 40241121280 36875672576 33692871680 29888431104 30447968768 28429339136 31630347264 33436273152 37622058496 47783404544 37686628352 35029335552 40111913984 38116828160 38003110912 37791686656 21641288960 18609653248 21527787520 22364171776 24744470016 22862990848 19071493632 24566914560 57384020992 32188526592 39830242304 56947294208 55470817280 -9999 -9999 27099779072 47505362944 20639083520 61401712640 43199473664 36212719616 27334008320 26519575552 35650162176 31614210560 25220195328 23003541504 30234201600 46533665792 50383313920 44654861312 33552613888 33470546432 32730989568 35252736000 32960869376 36160306688 51387760640 45451780096 46726066176 -9999
43808932864 41867887616 39803644928 42202577920 42665750528 40151502848 38603904000 43384969216 50986360832 51666479104 48726127616 40140947456 38655860736 31788764672 29328332288 28107502080 29951978496 30639108096 39091118080 46314517504 43098839040 36846232064 46799863808 38782023680 41287263232 38958716416 24899483136 20296498176 18927055360 29908727296 81112013824 27957872128 29438636544 42157967872 71807435776 34029272320 32890339328 57045132629.3333 55577899008 -9999 -9999 -9999 51811454976 33109355264 43325917184 51494168576 47549192192 34877600768 22857950208 26145998848 18208754176 18372181504 27174235136 51615756288 54506651648 56172005376 53459419136 46111685632 31182347264 26166293504 32738450944 26493767168 20074375850.6667 -9999 -9999 -9999 -9999
50110953472 49375367168 46738913280 50679490560 46936456192 49069759488 42605504512 54211042304 52655083520 48480559104 54972677120 54294420480 45600022528 36758389760 30844284416 31461394432 37316110336 39787530240 38692753408 46682310656 51712372736 43064199168 46917616640 50189801472 47103619072 40791859200 36740254720 32054371840 58414529024 48898007040 64736465920 39846888448 48418675712 55785184256 89773800448 125643423744 29646404608 43248203093.3333 34672422144 55717148672 -9999 61093294080 60841608533.3333 33718842112 63127497216 70624843776 52513410048 38438873600 18476323072 19636230144 18796671488 19230573312 27167375872 42857034752 49661702144 56128040960 58849595392 60135347200 53941819392 45185925120 37400123904 33116434432 52254611456 -9999 -9999 -9999 -9999
56741640192 62547678208 64665632768 60588314624 56114908160 50133130240 49730506752 56956012544 53856518144 55417335808 52057406464 50248907776 44752189440 43483491328 36511257088 38579038208 42224574464 41185053696 46881528832 50411512832 50829858816 43710675968 48980858880 62780720128 57025321984 46037254144 40299928576 43487493120 66464466944 91932064768 74769077248 83257865216 95686873088 86417115136 79044590592 111366131712 122757965824 56273597952 43625807872 55818932224 -9999 -9999 60965261312 40850722816 65501941760 81106899968 54086076416 40646892544 32315672576 20528938752 14785367296 27695405056 51136955392 47155058688 50757657600 49526996992 51583555584 52909282304 43366627328 33487371264 32880573098.6667 22711552000 -9999 -9999 -9999 -9999 -9999
70456219648 91749642240 99972173824 68092887040 58796420096 56972854272 57220990976 56910750720 57131200512 59077492736 63385444352 53805902848 44540155904 43438628864 47762733056 48699438080 49778473984 46539887616 50870525952 45655215104 46527261696 48050754560 51912213504 83143816192 109132288000 53018547200 63084173312 70561987584 80827251712 78295454720 93795127296 122896984064 165865799680 153962878976 131550322688 129040891904 102528839680 64522512896 17671698432 23400437248 28487532544 -9999 -9999 25152116736 54618980864 100119283712 72924986368 44762046464 43032528896 35346557440 24573820416 34889975808 47339210752 42531698688 45025890304 46716846080 28991871232 20057308160 34212712960 -9999 -9999 -9999 -9999 -9999 -9999 -9999 -9999
91064176640 94501586944 111456118784 106809108480 85234849792 79671078912 82164221952 63859092480 64140308480 61964610560 59320474624 50989155328 52110086144 56026820608 61142421504 60881056768 66534487040 59301338112 65501754368 63136081920 60394109952 60996964352 63494938624 119322800128 112816443392 127400882176 117693222912 109636100096 121125490688 156866750464 203538968576 243576164352 287598956544 236595372032 209569796096 167628988416 136758464512 120883816448 32572673024 24538034688 39372385280 59918819328 -9999 61293820586.6667 51286274048 94938988544 99255947264 56382437376 45379760128 38632673280 44157992960 37268933632 37521257984 19728213504 24258809344 26644701184 -9999 -9999 -9999 -9999 -9999 -9999 -9999 -9999 -9999 -9999 -9999
115255205888 113582893056 132740872192 106942705664 114760769536 103241709568 111116599296 77632315392 77473259520 72661168128 61782119424 60030722048 64524555264 71491119104 79520147456 78534039552 84789624832 76207261696 71171452928 72556466176 74044319744 78395791360 93990222848 129521358848 118873853952 144334270464 140392892416 147041429504 182993281024 208306024448 255895437312 374962225152 458270892032 400023805952 325487431680 226018344960 157016477696 163501875200 30341900800 55407850496 26999807488 46996459008 61448777728 61415989248 33524314112 88371382272 114935554048 60770777088 51558325248 33771560960 29207259136 24866394112 33305938944 19603873792 -9999 -9999 -9999 -9999 -9999 -9999 -9999 -9999 -9999 -9999 -9999 -9999 -9999
114933239808 138796152832 155228389376 141381015552 121902864384 124577099776 173588215808 98284847104 79361753088 83418906624 78145642496 72214630400 72520892416 80841267200 95324538880 101894191104 97142702080 91519514624 86390398976 87961737216 82082531328 87907678208 85735524352 194877081600 141248116736 150630772736 158743150592 204658384896 201730670592 261832224768 392363237376 457882320896 460518105088 463796559872 311465934848 145276289024 174240825344 160088350720 38636077056 36665906176 35998601728 30731810304 31162375168 61576404992 40990120448 62971731968 73198353408 25297775104 33885656064 54385643520 20139671552 19525318656 -9999 -9999 -9999 -9999 -9999 -9999 -9999 -9999 -9999 -9999 -9999 -9999 -9999 -9999 -9999
146654896128 143642591232 172260970496 148483741696 188348516352 170031878144 185132636160 111257180160 95614478336 98417868800 104715452416 80615442432 91294740480 100341075968 107392122880 103530051584 108610893824 104241717248 104810143744 106843641856 109044893696 99667062784 92120997888 142198542336 148471732224 191463452672 249032888320 305245773824 332772601856 368033456128 437202649088 478959026176 437386092544 320373501952 246189133824 178071896064 265113350144 255703482368 95432908800 29630663680 31348409856 25016294400 22614921728 38251298816 46267878741.3333 33941568000 28658496512 38639297877.3333 -9999 -9999 -9999 -9999 -9999 -9999 -9999 -9999 -9999 -9999 -9999 -9999 -9999 -9999 -9999 -9999 67058780160 80978305024 79994566656
221860155392 198913835008 172428115968 152055228416 236188835840 234877718528 131421722624 107846055936 129657118720 122163030016 112921042944 108559314944 116215048192 120870236160 119741251584 115844190208 122415069184 139882424320 169763590144 173434482688 179685502976 141196101632 129641854976 136371810304 177305563136 214727286784 269587472384 334023344128 399636684800 434544967680 518949937152 453169709056 205541341184 404311072768 298937303040 291032260608 269465747456 271329624064 78483321856 32837500416 23537833472 27395603456 23681878528 25398558208 33243744256 -9999 -9999 -9999 -9999 -9999 -9999 -9999 -9999 -9999 -9999 -9999 -9999 -9999 -9999 52095684608 -9999 56627005440 54349981696 52095684608 43178545152 78944688128 78882734080
300941897728 268570550272 254750314496 224647016448 221597245440 163117330432 133485942784 142055438336 151946803200 144900759552 134487861248 125634209792 138633560064 129141368832 121981171712 155700213760 204279242752 215280889856 211754102784 231411191808 244835659776 211050979328 168883699712 186505060352 207700676608 260521492480 274985316352 357937176576 417591844864 489695485952 600875073536 527528943616 285989513216 424121974784 373445369856 297867550720 313453666304 326003785728 107261657088 39439032320 97866893312 52961854464 28922015232 64828825600 44216735744 -9999 -9999 -9999 -9999 -9999 -9999 -9999 -9999 -9999 -9999 -9999 52981583872 52981583872 53488219477.3333 46499870720 51629355008 -9999 -9999 -9999 -9999 -9999 -9999
355853639680 322976473088 270522839040 259125686272 231354617856 186864181248 173079179264 171758198784 163109601280 151314282496 146779068416 162041044992 158136598528 129063540736 156470185984 196658249728 251832586240 252131287040 266752716800 285226229760 274647224320 260891987968 234300239872 257994162176 243713388544 305523056640 344549785600 395936874496 509004849152 557398958080 650934648832 494821261312 472228896768 412848332800 358021079040 306293538816 380392153088 466199355392 170889314304 65558484992 72953220608 66003360256 22180761088 35048158720 28789392896 24724152320 -9999 -9999 -9999 -9999 -9999 52024086528 37673684992 32741220352 58648875008 38420487680 39910388224 68805243904 47148106752 49205096448 52260403200 -9999 -9999 -9999 -9999 -9999 -9999
351689973760 346949181440 314993713152 309676384256 312453795840 287002529792 262254444544 226177437696 211995754496 214177890304 213107863552 238468931584 237781929984 184770064384 204896272384 253040685056 306054709248 279785398272 297200259072 292205404160 290278252544 292410621952 313569280000 327048200192 294224797696 335183339520 401677942784 493594320896 534048120832 608976338944 638880038912 553888096256 505693749248 518733922304 365263110144 345797312512 394932117504 536451407872 256381739008 97314992128 43956582400 33622989312 29448326656 29022260736 30057012224 33727803392 31310041088 53763039232 38979500373.3333 36956107264 42801957888 37945882624 89677978624 61067780096 56733350400 84709207040 38063006208 54009747456 50182121472 27546596352 52895152128 -9999 -9999 -9999 -9999 -9999 -9999
357219500032 375414792192 383375646720 385850458112 373192187904 385823490048 365449641984 316333244416 301462683648 287213191168 286686269440 311387815936 295923630080 254331310080 279708000256 331234148352 335704784896 332987342848 330267762688 320683859968 327736197120 311381098496 327801569280 299600207872 357908987904 385415700480 458675044352 571007852544 547101073408 620277071872 774798966784 738481192960 642114846720 551586447360 465138221056 428202909696 355901030400 475619467264 254526089216 172811419648 75569716224 57637953536 47027483648 66780472320 78845649920 67113307136 38130519040 23783864064 38909884416 27648809984 35325974528 43205997568 49098619904 38099060224 39609277440 38952538112 40607965184 35986106368 32806533120 32427854848 36785640448 -9999 -9999 -9999 -9999 -9999 -9999
